0 400 500 3 1 
1 163 134 2 
1 163 171 2 
1 163 97 1 
1 216 134 2 
1 216 171 2 
1 216 97 1 
1 269 134 2 
1 269 171 2 
1 269 97 1 
1 322 134 2 
1 322 171 2 
1 322 97 1 
1 375 134 2 
1 375 171 2 
1 375 97 1 
1 428 134 2 
1 428 171 2 
1 428 97 1 
1 481 134 2 
1 481 171 2 
1 481 97 1 
1 534 134 2 
1 534 171 2 
1 534 97 1 
1 587 134 2 
1 587 171 2 
1 587 97 1 
1 640 134 2 
1 640 171 2 
1 640 97 1 
1 693 134 2 
1 693 171 2 
1 693 97 1 
2 163 60 0 
43 
2 216 60 0 
1 
2 269 60 0 
63 
2 322 60 0 
106 
2 375 60 0 
59 
2 428 60 0 
103 
2 481 60 0 
75 
2 534 60 0 
34 
2 587 60 0 
26 
2 640 60 0 
155 
2 693 60 0 
106 
4 266 400 4
4 444 400 4
4 622 400 4
4 88 400 4
5 800 10 0 219 
6 135 234 r 
6 188 234 r 
6 241 234 r 
6 294 234 r 
6 347 234 r 
6 400 234 r 
6 453 234 r 
6 506 234 r 
6 559 234 r 
6 612 234 r 
6 665 234 r 
6 690 92 r 
3 2 1 8 
7 0 