30
0 424 500 3
1 189 70 0
1 242 70 0
1 295 70 0
1 348 70 0
1 401 70 0
1 454 70 0
1 507 70 0
1 560 70 0
1 613 70 0
1 666 70 0
1 719 70 0
1 189 107 1
1 242 107 1
1 295 107 1
1 348 107 1
1 401 107 1
1 454 107 1
1 507 107 1
1 560 107 1
1 613 107 1
1 666 107 1
1 719 107 1
1 189 144 2
1 242 144 2
1 295 144 2
1 348 144 2
1 401 144 2
1 454 144 2
1 507 144 2
1 613 144 2
1 666 144 2
1 719 144 2
1 189 181 2
1 242 181 2
1 295 181 2
1 348 181 2
1 401 181 2
1 454 181 2
1 613 181 2
1 666 181 2
1 719 181 2
2 88 400 9
2 266 400 8
2 444 400 10
2 622 400 10
