0 400 500 3 1 
1 59 134 2 
1 59 171 2 
1 59 97 1 
1 112 134 2 
1 112 171 2 
1 112 97 1 
1 165 134 2 
1 165 171 2 
1 165 97 1 
1 218 134 2 
1 218 171 2 
1 218 97 1 
1 271 134 2 
1 271 171 2 
1 271 97 1 
1 324 134 2 
1 324 171 2 
1 324 97 1 
1 377 134 2 
1 377 171 2 
1 377 97 1 
1 430 134 2 
1 430 171 2 
1 430 97 1 
1 483 134 2 
1 483 171 2 
1 483 97 1 
1 536 134 2 
1 536 171 2 
1 536 97 1 
1 589 134 2 
1 589 171 2 
1 589 97 1 
2 59 60 0 80 
2 112 60 0 64 
2 165 60 0 13 
2 218 60 0 18 
2 271 60 0 85 
2 324 60 0 26 
2 377 60 0 113 
2 430 60 0 43 
2 483 60 0 129 
2 536 60 0 107 
2 589 60 0 141 
4 266 400 2
4 444 400 2
4 622 400 3
4 88 400 3
5 800 10 0 219 
6 188 386 r 
6 241 386 r 
6 400 386 r 
6 559 386 r 
6 612 386 r 
6 239 298 r 
6 292 298 r 
6 345 298 r 
6 398 298 r 
6 451 298 r 
6 504 298 r 
6 557 298 r 
6 610 298 r 
6 663 298 r 
6 716 298 r 
6 769 298 r 
6 638 160 r 
6 161 156 r 
6 585 148 r 
6 691 140 r 
6 453 132 r 
3 2 1 11 
7 0 