0 78 500 3 1 
1 33 164 2 
1 33 201 2 
1 33 127 1 
1 86 164 2 
1 86 201 2 
1 86 127 1 
1 139 164 2 
1 139 201 2 
1 139 127 1 
1 192 164 2 
1 192 201 2 
1 192 127 1 
1 245 164 2 
1 245 127 1 
1 298 164 2 
1 298 127 1 
1 351 201 2 
1 351 127 1 
1 404 164 2 
1 404 127 1 
1 457 164 2 
1 457 201 2 
1 457 127 1 
1 510 164 2 
1 510 201 2 
1 510 127 1 
1 563 164 2 
1 563 201 2 
1 563 127 1 
2 33 90 0 51 
2 86 90 0 135 
2 139 90 0 37 
2 192 90 0 4 
2 245 90 0 27 
2 298 90 0 148 
2 351 90 0 20 
2 404 90 0 89 
2 457 90 0 132 
2 510 90 0 124 
2 563 90 0 147 
4 622 400 3
4 88 400 3
5 756 10 1 2 
6 375 594 r 
6 215 542 r 
6 188 510 r 
6 611 458 r 
6 398 394 r 
6 345 376 r 
6 743 368 r 
6 213 356 r 
6 505 340 r 
6 399 320 r 
6 558 320 r 
6 214 308 r 
6 586 224 r 
6 507 196 r 
6 561 134 r 
6 296 134 r 
6 84 118 r 
3 0 4 7 
7 40 