0 400 500 3 1 
1 59 144 2 
1 59 181 2 
1 59 107 1 
1 112 144 2 
1 112 181 2 
1 112 107 1 
1 165 144 2 
1 165 181 2 
1 165 107 1 
1 218 144 2 
1 218 181 2 
1 218 107 1 
1 271 144 2 
1 271 181 2 
1 271 107 1 
1 324 144 2 
1 324 181 2 
1 324 107 1 
1 377 144 2 
1 377 181 2 
1 377 107 1 
1 430 144 2 
1 430 181 2 
1 430 107 1 
1 483 144 2 
1 483 181 2 
1 483 107 1 
1 536 144 2 
1 536 181 2 
1 536 107 1 
1 589 144 2 
1 589 181 2 
1 589 107 1 
2 59 70 0 
74 
2 112 70 0 
59 
2 165 70 0 
33 
2 218 70 0 
159 
2 271 70 0 
82 
2 324 70 0 
100 
2 377 70 0 
90 
2 430 70 0 
30 
2 483 70 0 
122 
2 536 70 0 
31 
2 589 70 0 
151 
4 266 400 2
4 444 400 2
4 622 400 3
4 88 400 3
5 800 10 0 219 
6 188 482 r 
6 241 482 r 
6 400 482 r 
6 559 482 r 
6 612 482 r 
6 690 340 r 
6 240 324 r 
6 559 276 r 
6 506 260 r 
6 109 240 r 
6 295 208 r 
6 163 200 r 
6 349 176 r 
6 322 130 r 
6 216 126 r 
6 587 126 r 
6 507 106 r 
3 0 2 1 
7 0 