0 400 500 3 1 
1 215 134 2 
1 215 171 2 
1 215 97 1 
1 268 134 2 
1 268 171 2 
1 268 97 1 
1 321 134 2 
1 321 171 2 
1 321 97 1 
1 374 134 2 
1 374 171 2 
1 374 97 1 
1 427 134 2 
1 427 171 2 
1 427 97 1 
1 480 134 2 
1 480 171 2 
1 480 97 1 
1 533 134 2 
1 533 171 2 
1 533 97 1 
1 586 134 2 
1 586 171 2 
1 586 97 1 
1 639 134 2 
1 639 171 2 
1 639 97 1 
1 692 134 2 
1 692 171 2 
1 692 97 1 
1 745 134 2 
1 745 171 2 
1 745 97 1 
2 215 60 0 
64 
2 268 60 0 
22 
2 321 60 0 
84 
2 374 60 0 
127 
2 427 60 0 
80 
2 480 60 0 
124 
2 533 60 0 
96 
2 586 60 0 
55 
2 639 60 0 
47 
2 692 60 0 
14 
2 745 60 0 
127 
4 266 400 4
4 444 400 4
4 622 400 4
4 88 400 4
5 800 10 0 219 
6 135 194 r 
6 188 194 r 
6 241 194 r 
6 294 194 r 
6 347 194 r 
6 400 194 r 
6 453 194 r 
6 506 194 r 
6 559 194 r 
6 612 194 r 
6 665 194 r 
3 1 1 3 
7 0 