0
0 390 500 3
1 137 80 0
1 190 80 0
1 243 80 0
1 296 80 0
1 349 80 0
1 402 80 0
1 455 80 0
1 508 80 0
1 561 80 0
1 614 80 0
1 667 80 0
1 137 117 1
1 190 117 1
1 243 117 1
1 296 117 1
1 349 117 1
1 402 117 1
1 455 117 1
1 508 117 1
1 561 117 1
1 614 117 1
1 667 117 1
1 137 154 2
1 190 154 2
1 243 154 2
1 296 154 2
1 349 154 2
1 402 154 2
1 455 154 2
1 508 154 2
1 561 154 2
1 614 154 2
1 667 154 2
1 137 191 2
1 190 191 2
1 243 191 2
1 296 191 2
1 349 191 2
1 402 191 2
1 455 191 2
1 508 191 2
1 561 191 2
1 614 191 2
1 667 191 2
2 88 400 10
2 266 400 10
2 444 400 10
2 622 400 10
2 622 400 10
2 622 400 10
