0
0 400 500 3
1 163 50 0
1 216 50 0
1 269 50 0
1 322 50 0
1 375 50 0
1 428 50 0
1 481 50 0
1 534 50 0
1 587 50 0
1 640 50 0
1 693 50 0
1 163 87 1
1 216 87 1
1 269 87 1
1 322 87 1
1 375 87 1
1 428 87 1
1 481 87 1
1 534 87 1
1 587 87 1
1 640 87 1
1 693 87 1
1 163 124 2
1 216 124 2
1 269 124 2
1 322 124 2
1 375 124 2
1 428 124 2
1 481 124 2
1 534 124 2
1 587 124 2
1 640 124 2
1 693 124 2
1 163 161 2
1 216 161 2
1 269 161 2
1 322 161 2
1 375 161 2
1 428 161 2
1 481 161 2
1 534 161 2
1 587 161 2
1 640 161 2
1 693 161 2
2 88 400 10
2 266 400 10
2 444 400 10
2 622 400 10
