0
0 178 500 3
1 33 60 0
1 86 60 0
1 139 60 0
1 192 60 0
1 245 60 0
1 298 60 0
1 351 60 0
1 404 60 0
1 457 60 0
1 510 60 0
1 563 60 0
1 33 97 1
1 86 97 1
1 139 97 1
1 192 97 1
1 245 97 1
1 298 97 1
1 351 97 1
1 404 97 1
1 457 97 1
1 510 97 1
1 563 97 1
1 33 134 2
1 86 134 2
1 139 134 2
1 192 134 2
1 245 134 2
1 298 134 2
1 351 134 2
1 404 134 2
1 457 134 2
1 510 134 2
1 563 134 2
1 33 171 2
1 86 171 2
1 139 171 2
1 192 171 2
1 245 171 2
1 298 171 2
1 351 171 2
1 404 171 2
1 457 171 2
1 510 171 2
1 563 171 2
2 88 400 10
2 266 400 10
2 444 400 10
2 622 400 10
