0 400 500 2 1 
1 33 154 2 
1 33 191 2 
1 33 117 1 
1 86 154 2 
1 86 191 2 
1 86 117 1 
1 139 154 2 
1 139 191 2 
1 139 117 1 
1 192 154 2 
1 192 191 2 
1 192 117 1 
1 245 154 2 
1 245 191 2 
1 245 117 1 
1 298 154 2 
1 298 191 2 
1 298 117 1 
1 351 154 2 
1 351 191 2 
1 351 117 1 
1 404 154 2 
1 404 191 2 
1 404 117 1 
1 457 154 2 
1 457 191 2 
1 457 117 1 
1 510 154 2 
1 510 191 2 
1 510 117 1 
1 563 154 2 
1 563 191 2 
1 563 117 1 
2 33 80 0 19 
2 86 80 0 33 
2 139 80 0 148 
2 192 80 0 63 
2 245 80 0 152 
2 298 80 0 29 
2 351 80 0 61 
2 404 80 0 68 
2 457 80 0 12 
2 510 80 0 29 
2 563 80 0 117 
4 622 400 1
5 196 10 1 1 
6 322 488 r 
6 216 482 r 
6 587 482 r 
6 480 418 r 
6 373 388 r 
6 293 354 r 
6 505 354 r 
6 266 328 r 
6 504 296 r 
6 610 278 r 
6 717 232 r 
6 294 186 r 
6 241 170 r 
6 269 98 r 
3 2 3 4 
7 0 