0 400 500 3 1 
1 33 134 2 
1 33 171 2 
1 33 97 1 
1 86 134 2 
1 86 171 2 
1 86 97 1 
1 139 134 2 
1 139 171 2 
1 139 97 1 
1 192 134 2 
1 192 171 2 
1 192 97 1 
1 245 134 2 
1 245 171 2 
1 245 97 1 
1 298 134 2 
1 298 171 2 
1 298 97 1 
1 351 134 2 
1 351 171 2 
1 351 97 1 
1 404 134 2 
1 404 171 2 
1 404 97 1 
1 457 134 2 
1 457 171 2 
1 457 97 1 
1 510 134 2 
1 510 171 2 
1 510 97 1 
1 563 134 2 
1 563 171 2 
1 563 97 1 
2 33 60 0 
126 
2 86 60 0 
111 
2 139 60 0 
85 
2 192 60 0 
34 
2 245 60 0 
134 
2 298 60 0 
31 
2 351 60 0 
3 
2 404 60 0 
82 
2 457 60 0 
44 
2 510 60 0 
83 
2 563 60 0 
34 
4 266 400 4
4 444 400 4
4 622 400 4
4 88 400 4
5 800 10 0 219 
6 135 378 r 
6 188 378 r 
6 241 378 r 
6 294 378 r 
6 347 378 r 
6 400 378 r 
6 453 378 r 
6 506 378 r 
6 559 378 r 
6 612 378 r 
6 665 378 r 
6 690 236 r 
6 240 220 r 
6 559 172 r 
6 506 156 r 
6 109 136 r 
6 295 104 r 
6 163 96 r 
3 2 1 1 
7 0 