0 400 500 3 1 
1 137 124 2 
1 137 161 2 
1 137 87 1 
1 190 124 2 
1 190 161 2 
1 190 87 1 
1 243 124 2 
1 243 161 2 
1 243 87 1 
1 296 124 2 
1 296 161 2 
1 296 87 1 
1 349 124 2 
1 349 161 2 
1 349 87 1 
1 402 124 2 
1 402 161 2 
1 402 87 1 
1 455 124 2 
1 455 161 2 
1 455 87 1 
1 508 124 2 
1 508 161 2 
1 508 87 1 
1 561 124 2 
1 561 161 2 
1 561 87 1 
1 614 124 2 
1 614 161 2 
1 614 87 1 
1 667 124 2 
1 667 161 2 
1 667 87 1 
2 137 50 0 121 
2 190 50 0 42 
2 243 50 0 58 
2 296 50 0 137 
2 349 50 0 75 
2 402 50 0 92 
2 455 50 0 176 
2 508 50 0 115 
2 561 50 0 46 
2 614 50 0 166 
2 667 50 0 147 
4 266 400 4
4 444 400 4
4 622 400 4
4 88 400 4
5 800 10 0 211 
3 0 0 6 
7 0 