0 58 500 2 1 
1 9 244 2 
1 9 207 1 
1 62 244 2 
1 62 281 2 
1 62 207 1 
1 115 244 2 
1 115 281 2 
1 115 207 1 
1 168 244 2 
1 168 281 2 
1 168 207 1 
1 221 244 2 
1 221 207 1 
1 274 244 2 
1 274 207 1 
1 327 244 2 
1 327 281 2 
1 327 207 1 
1 380 244 2 
1 380 281 2 
1 380 207 1 
1 433 244 2 
1 433 281 2 
1 433 207 1 
2 9 170 0 51 
2 62 170 0 69 
2 115 170 0 142 
2 168 170 0 91 
2 221 170 0 86 
2 274 170 0 79 
2 327 170 0 112 
2 380 170 0 46 
2 433 170 0 144 
6 613 582 r 
6 426 518 r 
6 611 502 r 
6 505 486 r 
6 425 478 r 
6 345 454 r 
6 716 446 r 
6 372 414 r 
6 480 334 r 
6 348 324 r 
6 507 322 r 
6 349 284 r 
6 138 248 r 
6 509 240 r 
6 165 216 r 
3 3 12 2 
7 270 