0 400 500 3 1 
1 59 134 2 
1 59 171 2 
1 59 97 1 
1 112 134 2 
1 112 171 2 
1 112 97 1 
1 165 134 2 
1 165 171 2 
1 165 97 1 
1 218 134 2 
1 218 171 2 
1 218 97 1 
1 271 134 2 
1 271 171 2 
1 271 97 1 
1 324 134 2 
1 324 171 2 
1 324 97 1 
1 377 134 2 
1 377 171 2 
1 377 97 1 
1 430 134 2 
1 430 171 2 
1 430 97 1 
1 483 134 2 
1 483 171 2 
1 483 97 1 
1 536 134 2 
1 536 171 2 
1 536 97 1 
1 589 134 2 
1 589 171 2 
1 589 97 1 
2 59 60 0 162 
2 112 60 0 36 
2 165 60 0 57 
2 218 60 0 122 
2 271 60 0 85 
2 324 60 0 139 
2 377 60 0 37 
2 430 60 0 139 
2 483 60 0 179 
2 536 60 0 27 
2 589 60 0 8 
4 266 400 4
4 444 400 4
4 622 400 4
4 88 400 4
5 800 10 0 72 
6 266 262 r 
6 663 254 r 
6 345 230 r 
6 425 208 r 
6 452 172 r 
6 506 128 r 
6 135 116 r 
6 533 84 r 
6 242 84 r 
3 2 1 10 
7 0 